# Created by VCL Toolkit
#
# Wavenumber(cm-1)   # Intensity (a. u.)
#
0.0	0.01574438584563794
32.574618564123874	0.18053957690370928
65.14923712824775	0.4595249597580924
97.72385569237161	0.6724993624269164
130.2984742564955	0.794310970410036
162.87309282061938	0.9389406408818032
195.44771138474323	0.9648675038503651
228.0223299488671	0.9148426945303754
260.596948512991	0.9384468487074239
293.17156707711484	0.8324501633516456
325.74618564123875	0.8239296315913931
358.3208042053626	0.7372315909047472
390.89542276948646	0.7013001560176615
423.47004133361037	0.6314397501301823
456.0446598977342	0.5441591510958338
488.61927846185813	0.49480086172477794
521.193897025982	0.46368363858049055
553.7685155901058	0.4281382824287736
586.3431341542297	0.37653373241793886
618.9177527183537	0.35370714858868035
651.4923712824775	0.3167510456127703
684.0669898466014	0.27858397728111534
716.6416084107252	0.25624031927708857
749.2162269748491	0.24837166421096418
781.7908455389729	0.22071901676190012
814.3654641030969	0.19585934858298493
846.9400826672207	0.1812446124041357
879.5147012313446	0.16899156405467175
912.0893197954684	0.1590685866576402
944.6639383595923	0.14858178677117442
977.2385569237163	0.13110733045894588
1009.8131754878401	0.1246330650897672
1042.387794051964	0.11562254117659891
1074.962412616088	0.1088822844315732
1107.5370311802117	0.10455272398886743
1140.1116497443356	0.09795479752513134
1172.6862683084594	0.08882265171476879
1205.2608868725833	0.08566851133760135
1237.8355054367073	0.0823713609739956
1270.410124000831	0.07704349724382538
1302.984742564955	0.0741552768178808
1335.5593611290788	0.07007774629079676
1368.1339796932027	0.06544324789907806
1400.7085982573267	0.06190035698493217
1433.2832168214504	0.058188279435282333
1465.8578353855744	0.05417958419034292
1498.4324539496981	0.052016707801585405
1531.007072513822	0.05054614716170292
1563.5816910779458	0.047319835224411896
1596.1563096420698	0.046081387691817396
1628.7309282061938	0.043618848309123937
1661.3055467703175	0.04133719566995855
1693.8801653344415	0.03897979540767994
1726.4547838985652	0.0384899188827854
1759.0294024626892	0.036473610214192584
1791.6040210268131	0.03647720850567733
1824.1786395909369	0.03431718199191512
1856.7532581550608	0.03261980559478207
1889.3278767191846	0.03153762765368285
1921.9024952833086	0.030777776829007706
1954.4771138474325	0.03008865324394096
1987.0517324115563	0.02834215805902343
2019.6263509756802	0.02688299689962225
2052.200969539804	0.0258870566503517
2084.775588103928	0.02473338544366083
2117.3502066680517	0.0246647665953523
2149.924825232176	0.023485020352172675
2182.4994437962996	0.023171186365664433
2215.0740623604233	0.022448712412761057
2247.648680924547	0.021660156680513798
2280.2232994886713	0.020869063487895044
2312.797918052795	0.02042701064521311
2345.3725366169188	0.019649174360723262
2377.947155181043	0.019312060158392416
2410.5217737451667	0.018512209689959345
2443.0963923092904	0.017869912071394906
2475.6710108734146	0.017489973855595163
2508.2456294375384	0.01706669259055785
2540.820248001662	0.016612062995245962
2573.394866565786	0.016053736777524957
2605.96948512991	0.0159309228222722
2638.5441036940338	0.015441775968696655
2671.1187222581575	0.01481978710585911
2703.6933408222817	0.014640597145463329
2736.2679593864054	0.014252570429740251
2768.842577950529	0.014025761275856813
2801.4171965146534	0.013582027252414865
2833.991815078777	0.013419104180647965
2866.566433642901	0.012856121336911528
2899.1410522070246	0.012612591859400401
2931.715670771149	0.012257344499175874
2964.2902893352725	0.011942153076481148
2996.8649078993963	0.011933171027338109
3029.4395264635205	0.011581048237348656
3062.014145027644	0.011285656691894437
3094.588763591768	0.010990969523487689
3127.1633821558917	0.010777077058483967
3159.738000720016	0.010600688456666844
3192.3126192841396	0.010248584114210039
3224.8872378482633	0.010090928906100903
3257.4618564123875	0.009900796649619596
3290.0364749765113	0.009754768916737601
3322.611093540635	0.009490484058209382
3355.185712104759	0.009273933842606817
3387.760330668883	0.009184154265183112
3420.3349492330067	0.008960704795537481
3452.9095677971304	0.008845227371673103
3485.4841863612546	0.008632797542980077
3518.0588049253784	0.00846448260772678
3550.633423489502	0.008366864746625994
3583.2080420536263	0.008079906907835747
3615.78266061775	0.008104434748672814
3648.3572791818738	0.007779343111500006
3680.931897745998	0.007637892729318622
3713.5065163101217	0.0075411959245688005
3746.0811348742454	0.007459398176893949
3778.655753438369	0.007268668671894347
3811.2303720024934	0.007149824478329241
3843.804990566617	0.007014782890111223
3876.379609130741	0.006979256448520818
3908.954227694865	0.006747787163577573
3941.528846258989	0.0067396892916256855
3974.1034648231125	0.0065603883013618915
4006.6780833872367	0.006441959305594971
4039.2527019513605	0.006307653984192149
4071.827320515484	0.006242340822652123
4104.401939079608	0.006158052301819728
4136.976557643732	0.0060112094030939445
4169.551176207856	0.005961467402125026
4202.12579477198	0.005886249446998134
4234.700413336103	0.0057756035817934735
4267.275031900227	0.0057029334759391755
4299.849650464352	0.005534775158610722
4332.4242690284755	0.005507030647043622
4364.998887592599	0.005418027157674809
4397.573506156723	0.005328928738272668
4430.148124720847	0.005252291026674153
4462.72274328497	0.005158933189958332
4495.297361849094	0.005082094685068213
4527.871980413219	0.005054846463708975
4560.446598977343	0.004938853004429475
4593.021217541466	0.004887911738566034
4625.59583610559	0.004823113156267068
4658.170454669714	0.004740476395211772
4690.7450732338375	0.004732327670458429
4723.319691797962	0.004621004696827877
4755.894310362086	0.004572306114355654
4788.46892892621	0.00450223296683521
4821.043547490333	0.00446181597623275
4853.618166054457	0.004373232805689016
4886.192784618581	0.0043115833294345915
4918.767403182705	0.0042784301185799616
4951.342021746829	0.004204580299950378
4983.916640310953	0.004155090892669639
5016.491258875077	0.004091779691686154
5049.0658774392	0.004036850661046475
5081.640496003324	0.003992643319994664
5114.215114567448	0.003947874263186894
5146.789733131572	0.003895321571254561
5179.364351695696	0.0038301144702080165
5211.93897025982	0.003807172919893983
5244.513588823944	0.0037478646758046584
5277.0882073880675	0.003699370307061677
5309.662825952191	0.003636007146862371
5342.237444516315	0.003603021411762937
5374.812063080439	0.003566116689577343
5407.386681644563	0.0035092436864507886
5439.961300208687	0.003485695118961664
5472.535918772811	0.0034502865542394416
5505.110537336935	0.0033963851250573157
5537.685155901058	0.0033570518023414903
5570.259774465182	0.003324655623560801
5602.834393029307	0.003271198163512142
5635.4090115934305	0.003240550004611753
5667.983630157554	0.003190024177172958
5700.558248721678	0.0031670607168312595
5733.132867285802	0.0031259216739944985
5765.707485849925	0.0030984208107536376
5798.282104414049	0.0030616869243260945
5830.856722978174	0.003042962504717697
5863.431341542298	0.003006294391457514
5896.005960106421	0.0029684027199926434
5928.580578670545	0.0029369946847144068
5961.155197234669	0.0028987213836183553
5993.7298157987925	0.0028764773116994502
6026.304434362916	0.002834186123860589
6058.879052927041	0.002810004732604955
6091.453671491165	0.002783804590082979
6124.028290055288	0.002745581791225157
6156.602908619412	0.0027278861090995654
6189.177527183536	0.0026970482244548706
6221.75214574766	0.002668186591490986
6254.326764311783	0.002634262979060382
6286.901382875908	0.0026083943364041207
6319.476001440032	0.0025917705724153957
6352.0506200041555	0.002537428420654896
6384.625238568279	0.0025394207124698307
6417.199857132403	0.0025034893560143784
6449.774475696527	0.0024739988974241604
6482.349094260651	0.0024548478307376115
6514.923712824775	0.0024244673197730475
6547.498331388899	0.002411132634098672
6580.0729499530225	0.002375016093281036
6612.647568517146	0.00236307409131882
6645.22218708127	0.0023304886009334553
6677.796805645394	0.0023166084501717657
6710.371424209518	0.0022957858669987803
6742.946042773642	0.0022817551860781398
6775.520661337766	0.0022511732332317668
6808.09527990189	0.0022317638549351647
6840.669898466013	0.00222049606785926
6873.244517030137	0.0021965463317677107
6905.819135594261	0.0021667722660396625
6938.3937541583855	0.0021560117493990495
6970.968372722509	0.0021302545720748335
7003.542991286633	0.002114912447766326
7036.117609850757	0.0020985848144858816
7068.69222841488	0.0020724298562061184
7101.266846979004	0.0020534414844634186
7133.841465543129	0.0020356370712332835
7166.416084107253	0.0020050439185527033
7198.990702671376	0.002003626447659773
7231.5653212355	0.0019775937255796087
7264.139939799624	0.0019644114939304873
7296.7145583637475	0.0019379300522469707
7329.289176927871	0.001926726318476465
7361.863795491996	0.0019076367362380932
7394.43841405612	0.0018828657735690444
7427.013032620243	0.0018903230938173824
7459.587651184367	0.0018603924395279446
7492.162269748491	0.0018525933188728995
7524.736888312615	0.001832605686205342
7557.311506876738	0.0018126770093864842
7589.886125440863	0.001801307344607716
7622.460744004987	0.0017962405579883892
7655.0353625691105	0.0017691073884254667
7687.609981133234	0.0017587496776606563
7720.184599697358	0.0017390837709806348
7752.759218261482	0.001726303032327217
7785.333836825605	0.0017154386773233768
7817.90845538973	0.0017036256790743903
7850.483073953854	0.0016833333033684432
7883.057692517978	0.001672209388308993
7915.632311082101	0.0016632247782250873
7948.206929646225	0.0016547173457126256
7980.781548210349	0.001634494288416848
8013.356166774473	0.0016145661348220244
8045.930785338597	0.0016071452223896064
8078.505403902721	0.0016053954508309413
8111.080022466845	0.001581480887294023
8143.654641030968	0.0015705743144191376
8176.229259595092	0.0015574690858380625
8208.803878159217	0.0015496160802099506
8241.37849672334	0.0015385167119705428
8273.953115287464	0.0015222556009771011
8306.527733851588	0.0015104917514550656
8339.102352415712	0.0015020186668171917
8371.676970979835	0.0014897373649776602
8404.25158954396	0.0014837164511474553
8436.826208108083	0.0014646512631438663
8469.400826672207	0.0014566773769509164
8501.97544523633	0.001446997882563095
8534.550063800454	0.0014355304795584522
8567.12468236458	0.0014216319523279143
8599.699300928703	0.0014130008405783894
8632.273919492827	0.001398639418314191
8664.848538056951	0.0013904426308204657
8697.423156621075	0.0013882033629964655
8729.997775185198	0.0013696053515613292
8762.572393749322	0.001363462373753364
8795.147012313446	0.0013570735589716418
8827.72163087757	0.0013377341268270484
8860.296249441693	0.001335600732986625
8892.870868005817	0.0013249110811156353
8925.44548656994	0.0013196783649753738
8958.020105134065	0.0013057764773805715
8990.594723698188	0.0012943997722215327
9023.169342262314	0.0012903796384556633
9055.743960826438	0.0012771997585261541
9088.318579390561	0.0012712222402647333
9120.893197954685	0.0012619909939478033
9153.467816518809	0.0012547534889985033
9186.042435082933	0.0012417951817940804
9218.617053647056	0.0012358387577827358
9251.19167221118	0.0012269520306790232
9283.766290775304	0.001222798245967297
9316.340909339428	0.0012128404838691463
9348.915527903551	0.0012071068221828436
9381.490146467675	0.001198271831622929
9414.064765031799	0.0011863206562217371
9446.639383595924	0.0011805686246245141
9479.214002160048	0.00117118337035086
9511.788620724172	0.0011625647222315862
9544.363239288296	0.0011579162027311196
9576.93785785242	0.0011501804948657937
9609.512476416543	0.0011389287089568676
9642.087094980667	0.001133641314690738
9674.66171354479	0.0011273467997045278
9707.236332108914	0.0011212485593031262
9739.810950673038	0.0011108408842865852
9772.385569237162	0.0011095007075330261
9804.960187801285	0.0010987053188058705
9837.53480636541	0.0010941412639216353
9870.109424929533	0.001085414632169806
9902.684043493658	0.0010795196110037798
9935.258662057782	0.0010733147933434013
9967.833280621906	0.0010637598882724422
10000.40789918603	0.001060495680987194
10032.982517750153	0.001051267669416848
10065.557136314277	0.0010444941834206645
10098.1317548784	0.0010362687735585776
10130.706373442525	0.0010348866290491728
10163.280992006648	0.001025847449116938
10195.855610570772	0.001020520739207668
10228.430229134896	0.001016355604302967
10261.00484769902	0.0010062516493593231
10293.579466263143	0.0010029651555114132
10326.154084827269	0.0009956159097772915
10358.728703391393	0.0009895987447161776
10391.303321955516	0.0009853771191005803
10423.87794051964	0.0009786152229472125
10456.452559083764	0.0009729951609741621
10489.027177647888	0.0009682747888681724
10521.601796212011	0.0009615096817790538
10554.176414776135	0.0009581755965904063
10586.751033340259	0.0009476348084534454
10619.325651904383	0.000945759153063062
10651.900270468506	0.000938107515518016
10684.47488903263	0.0009357190762305879
10717.049507596754	0.0009281893588196172
10749.624126160877	0.0009238605892361094
10782.198744725003	0.0009183351905193531
10814.773363289127	0.0009109958123644428
10847.34798185325	0.0009066113672554193
10879.922600417374	0.0009032227451953265
10912.497218981498	0.0008983747450837759
10945.071837545622	0.0008916249587120614
10977.646456109745	0.0008885369335489266
11010.22107467387	0.0008839302462215333
11042.795693237993	0.0008795697533476346
11075.370311802117	0.0008750364155773975
11107.94493036624	0.0008678231744947867
11140.519548930364	0.0008641253270252091
11173.094167494488	0.000861442147630221
11205.668786058613	0.0008536136854065991
11238.243404622737	0.0008506402390571518
11270.818023186861	0.0008436384764049854
11303.392641750985	0.0008402225637984986
11335.967260315108	0.0008347780464840218
11368.541878879232	0.0008331231948640563
11401.116497443356	0.0008279112802081446
11433.69111600748	0.0008247051467578502
11466.265734571603	0.0008166459515714554
11498.840353135727	0.0008151818295297426
11531.41497169985	0.0008108554658404593
11563.989590263975	0.0008051640419292107
11596.564208828098	0.000802046979168418
11629.138827392222	0.0007986117205297588
11661.713445956348	0.0007936124195700353
11694.288064520471	0.0007896206682747642
11726.862683084595	0.0007848583905055021
11759.437301648719	0.0007812194231153552
11792.011920212843	0.0007779262049331833
11824.586538776966	0.0007739854851973719
11857.16115734109	0.0007674934900174419
11889.735775905214	0.0007637482792738344
11922.310394469338	0.0007623946764926252
11954.885013033461	0.000757786638073715
11987.459631597585	0.000754465842247639
12020.034250161709	0.0007504273330719699
12052.608868725833	0.0007471323507258058
12085.183487289958	0.0007443501762822053
12117.758105854082	0.0007405415683823725
12150.332724418206	0.0007350540314502591
12182.90734298233	0.0007328454358360424
12215.481961546453	0.0007294024405618422
12248.056580110577	0.0007259645391953191
12280.6311986747	0.0007220633198770033
12313.205817238824	0.0007169114435757675
12345.780435802948	0.0007141160074248606
12378.355054367072	0.0007117711317223605
12410.929672931195	0.000707431765378082
12443.50429149532	0.0007041046947596285
12476.078910059443	0.0006997642434669773
12508.653528623567	0.0006978895760339612
12541.228147187692	0.0006939010436213044
12573.802765751816	0.0006914424849382895
12606.37738431594	0.0006880196435819079
12638.952002880063	0.0006832401942420973
12671.526621444187	0.0006820094338954875
12704.101240008311	0.0006767491544015607
12736.675858572435	0.0006750317251127579
12769.250477136558	0.0006725251089177458
12801.825095700682	0.0006695475673741443
12834.399714264806	0.0006664230260830421
12866.97433282893	0.0006618226093747015
12899.548951393053	0.0006608280104083447
12932.123569957177	0.000657687494574198
12964.698188521303	0.0006533819026976658
12997.272807085426	0.0006510872527470433
13029.84742564955	0.0006472185930738987
13062.422044213674	0.0006455267555067394
13094.996662777798	0.0006419448758039239
13127.571281341921	0.000639307195482289
13160.145899906045	0.0006363942859442649
13192.720518470169	0.0006336029687074011
13225.295137034293	0.0006307161479117588
13257.869755598416	0.0006277191690729437
13290.44437416254	0.0006244718302089246
13323.018992726664	0.0006229021372168708
13355.593611290788	0.0006194888315252147
13388.168229854913	0.0006164217749541841
13420.742848419037	0.0006150849078579186
13453.31746698316	0.0006107872289462967
13485.892085547284	0.0006101289436045019
13518.466704111408	0.0006074962014520484
13551.041322675532	0.0006046542590227875
13583.615941239656	0.0005999304369554206
13616.19055980378	0.000599359244751048
13648.765178367903	0.000595782132765895
13681.339796932027	0.0005931638694791987
13713.91441549615	0.0005900631726204863
13746.489034060274	0.0005888730694831713
13779.063652624398	0.0005857111843111821
13811.638271188522	0.0005835232435230307
13844.212889752647	0.0005814768977251704
13876.787508316771	0.0005801775503789175
13909.362126880895	0.0005754890669397871
13941.936745445018	0.0005740602169093114
13974.511364009142	0.0005717625364009973
14007.085982573266	0.0005698932790708548
14039.66060113739	0.0005671214631652004
14072.235219701513	0.0005645534975260952
14104.809838265637	0.0005622489449426111
14137.38445682976	0.0005602835279513837
14169.959075393885	0.0005574464701161251
14202.533693958008	0.0005548687508431953
14235.108312522132	0.0005538944232826095
14267.682931086258	0.0005517613708764797
14300.257549650381	0.000549067105670128
14332.832168214505	0.0005469975854472149
14365.406786778629	0.0005444921363735048
14397.981405342753	0.00054270133902908
14430.556023906876	0.0005400147003044661
14463.130642471	0.0005381815105038921
14495.705261035124	0.0005357878244492689
14528.279879599248	0.0005340988376549595
14560.854498163371	0.0005318940797138515
14593.429116727495	0.0005292836762733263
14626.003735291619	0.000528346761090154
14658.578353855743	0.0005256162021550998
14691.152972419866	0.0005238827718835497
14723.727590983992	0.0005209949819537416
14756.302209548116	0.0005199345098560503
14788.87682811224	0.0005176589318268993
14821.451446676363	0.000515778579060156
14854.026065240487	0.0005135937589181036
14886.60068380461	0.0005123910251326075
14919.175302368734	0.0005094633710652851
14951.749920932858	0.0005077155523278379
14984.324539496982	0.0005062000145644386
15016.899158061105	0.0005045860887217504
15049.47377662523	0.000503047511358879
15082.048395189353	0.0005003566225252566
15114.623013753477	0.0004987477339553628
15147.197632317602	0.0004970724159288881
15179.772250881726	0.000494191828897824
15212.34686944585	0.0004936976622498319
15244.921488009973	0.0004920400843097607
15277.496106574097	0.00048953194076527
15310.070725138221	0.0004876957354239831
15342.645343702345	0.00048524093136951277
15375.219962266468	0.0004841488783825827
15407.794580830592	0.000482824858801042
15440.369199394716	0.00048071844839054793
15472.94381795884	0.0004787300860124892
15505.518436522963	0.00047706311813605797
15538.093055087087	0.00047575149398624265
15570.66767365121	0.00047456329575887556
15603.242292215336	0.00047217371690415686
15635.81691077946	0.0004706144727813684
15668.391529343584	0.00046813954462012153
15700.966147907708	0.00046707799495311256
15733.540766471831	0.00046555929301059457
15766.115385035955	0.00046415706175833
15798.690003600079	0.00046220363375144385
15831.264622164203	0.0004608360679879229
15863.839240728326	0.00045921640107298106
15896.41385929245	0.00045711892668959844
15928.988477856574	0.0004560871599217588
15961.563096420698	0.00045490211373551886
15994.137714984821	0.00045291854151624554
16026.712333548947	0.0004513057767682719
16059.28695211307	0.0004492716834289395
16091.861570677194	0.000448103276048067
16124.436189241318	0.0004463300428829144
16157.010807805442	0.00044490351602623684
16189.585426369566	0.0004434310824689038
16222.16004493369	0.0004424221578126348
16254.734663497813	0.0004415886023986685
16287.309282061937	0.00043870857481794536
16319.88390062606	0.00043734240703702915
16352.458519190184	0.00043582794920296
16385.033137754308	0.00043472281062164757
16417.607756318434	0.00043350838731541985
16450.182374882555	0.0004320963617800601
16482.75699344668	0.00043054241963487265
16515.331612010803	0.0004291574602090463
16547.90623057493	0.00042788315084526173
16580.48084913905	0.0004263857686279095
16613.055467703176	0.0004251906791938645
16645.630086267298	0.0004234896329993527
16678.204704831423	0.0004221983548967555
16710.77932339555	0.0004206086661989955
16743.35394195967	0.00041965732640572345
16775.928560523796	0.00041812735446879635
16808.50317908792	0.00041650726435435046
16841.077797652044	0.0004155734827206252
16873.652416216166	0.0004135936415811129
16906.22703478029	0.00041361823533873064
16938.801653344413	0.0004117193445425234
16971.37627190854	0.0004107644366364893
17003.95089047266	0.00040911441474418385
17036.525509036786	0.0004073772141137525
17069.10012760091	0.00040604821327783826
17101.674746165034	0.0004049950782734351
17134.24936472916	0.00040351018041582105
17166.82398329328	0.00040233173474408667
17199.398601857407	0.0004017807233283392
17231.97322042153	0.0004000766685066432
17264.547838985654	0.00039864208474927465
17297.122457549776	0.00039732039968194504
17329.697076113902	0.00039617726426825403
17362.271694678024	0.00039568541571966047
17394.84631324215	0.00039385455452929945
17427.42093180627	0.00039292581578878534
17459.995550370397	0.00039185991070662
17492.57016893452	0.0003902097920955648
17525.144787498644	0.0003897492017957298
17557.71940606277	0.0003880711974512617
17590.29402462689	0.00038665403482120365
17622.868643191017	0.0003860407368373631
17655.44326175514	0.00038478074719102345
17688.017880319265	0.00038345888285494116
17720.592498883387	0.00038234289024501733
17753.167117447512	0.00038156521898705727
17785.741736011634	0.000380687161844881
17818.31635457576	0.0003790033137051195
17850.89097313988	0.000378296322046943
17883.465591704007	0.00037704468431825613
17916.04021026813	0.0003756002599495476
17948.614828832255	0.00037456191974351635
17981.189447396377	0.00037370670490575184
18013.764065960502	0.000372383918729233
18046.338684524628	0.00037150887109032134
18078.91330308875	0.00037035410902139167
18111.487921652875	0.0003695200425404834
18144.062540216997	0.0003683854973509213
18176.637158781123	0.0003672626045248622
18209.211777345245	0.00036641188861780366
18241.78639590937	0.0003653300081681187
18274.361014473492	0.00036441154861160794
18306.935633037618	0.00036336632412202176
18339.51025160174	0.0003623248070970661
18372.084870165865	0.00036141325776062235
18404.659488729987	0.00036036732116127623
18437.234107294113	0.0003592493029408766
18469.808725858238	0.00035862716321888305
18502.38334442236	0.0003575582934530754
18534.957962986486	0.0003564615257060322
18567.532581550608	0.00035521609601231094
18600.107200114733	0.000354317041396016
18632.681818678855	0.00035343674999809346
18665.25643724298	0.0003523088305833293
18697.831055807103	0.00035153108355955715
18730.405674371228	0.00035065450528670077
18762.98029293535	0.00034997744696237164
18795.554911499476	0.00034894021269794205
18828.129530063597	0.000347902590053778
18860.704148627723	0.0003470465616183923
18893.27876719185	0.00034608070267686306
18925.85338575597	0.0003450612367190135
18958.428004320096	0.00034428366826122416
18991.002622884218	0.0003431459019711785
19023.577241448344	0.0003425573184059167
19056.151860012465	0.0003416691616826227
19088.72647857659	0.00034079685767288663
19121.301097140713	0.0003398706347131374
19153.87571570484	0.0003388374829024773
19186.45033426896	0.0003379339395942672
19219.024952833086	0.0003372360879094693
19251.599571397208	0.0003364366064481988
19284.174189961333	0.00033536490274076923
19316.74880852546	0.0003344036290048043
19349.32342708958	0.00033364806372597835
19381.898045653707	0.0003325392197775737
19414.47266421783	0.0003324226707483143
19447.047282781954	0.00033130244584224784
19479.621901346076	0.0003301926230310904
19512.1965199102	0.00032978454433629025
19544.771138474323	0.0003287263545244281
19577.34575703845	0.00032784594900850134
19609.92037560257	0.00032702658543677963
19642.494994166696	0.00032615216613240467
19675.06961273082	0.00032552243942001824
19707.644231294944	0.0003248393261284286
19740.218849859066	0.0003239812396753098
19772.79346842319	0.0003230188506706248
19805.368086987317	0.00032239242343661554
19837.94270555144	0.0003215921638131611
19870.517324115564	0.0003208352346418561
19903.091942679686	0.0003201736476851032
19935.666561243812	0.00031940841545016177
19968.241179807934	0.0003183058748490859
20000.81579837206	0.0003176936710512865
20033.39041693618	0.0003169328800686106
20065.965035500307	0.00031613906214273454
20098.53965406443	0.0003153112529524335
20131.114272628554	0.0003150220184564922
20163.688891192676	0.0003140188012768345
20196.2635097568	0.00031290764393292843
20228.838128320927	0.0003125493756753952
20261.41274688505	0.00031186305050988713
20293.987365449175	0.0003112626928265863
20326.561984013297	0.00031033529203276306
20359.136602577422	0.00030968928836131837
20391.711221141544	0.0003086991076979392
20424.28583970567	0.0003081995772879954
20456.86045826979	0.0003073558706566979
20489.435076833917	0.00030670538124887817
20522.00969539804	0.0003064469365237441
20554.584313962165	0.00030533531609027245
20587.158932526287	0.00030467010163858144
20619.733551090412	0.0003041867850546591
20652.308169654538	0.0003033433589740443
20684.88278821866	0.0003025093402774274
20717.457406782785	0.00030201214372301016
20750.032025346907	0.00030121166417818024
20782.606643911033	0.000300623741343398
20815.181262475155	0.0003002119330760144
20847.75588103928	0.00029944488937429497
20880.330499603402	0.00029889554758346395
20912.905118167528	0.00029793168700099557
20945.47973673165	0.00029729673470822694
20978.054355295775	0.00029684260454576156
21010.628973859897	0.000296098736175764
21043.203592424023	0.00029541148942955774
21075.77821098815	0.0002948473230170959
21108.35282955227	0.00029414581237328284
21140.927448116396	0.00029358424929975873
21173.502066680518	0.0002929758081038294
21206.076685244643	0.0002922306690774636
21238.651303808765	0.0002917112921687287
21271.22592237289	0.0002910738297725882
21303.800540937013	0.0002905265211535886
21336.375159501138	0.00028981926684620174
21368.94977806526	0.0002891969884360364
21401.524396629386	0.00028876339084147717
21434.099015193508	0.0002880058512261076
21466.673633757633	0.0002874740732003473
21499.248252321755	0.00028676759383023574
21531.82287088588	0.0002864871564793538
21564.397489450006	0.00028573607540470595
21596.972108014128	0.00028508447978511014
21629.546726578254	0.00028457346548383327
21662.121345142376	0.00028397838186766314
21694.6959637065	0.00028331287297194026
21727.270582270623	0.00028271986021384174
21759.84520083475	0.00028231549037725535
21792.41981939887	0.00028159934305571285
21824.994437962996	0.0002811049190097221
21857.569056527118	0.0002804549708338683
21890.143675091243	0.00028004083945692916
21922.718293655365	0.00027958662647018336
21955.29291221949	0.0002788310226875674
21987.867530783617	0.0002784554065044309
22020.44214934774	0.0002776588325904381
22053.016767911864	0.0002772179521045374
22085.591386475986	0.00027673287992156516
22118.16600504011	0.00027631469107157973
22150.740623604233	0.0002754523198786961
22183.31524216836	0.0002750841124683488
22215.88986073248	0.00027447688231029536
22248.464479296606	0.00027389630185036353
22281.03909786073	0.0002736351770424795
22313.613716424854	0.0002729934238581153
22346.188334988976	0.00027258109440466674
22378.7629535531	0.0002720223641993646
22411.337572117227	0.0002714963732023691
22443.91219068135	0.00027101319941145297
22476.486809245474	0.0002705492486594513
22509.061427809596	0.0002699909018039768
22541.636046373722	0.00026956363988740495
22574.210664937844	0.00026892033049787697
22606.78528350197	0.00026847113823727536
22639.35990206609	0.000267992054299905
22671.934520630217	0.00026753247221450335
22704.50913919434	0.00026700298264860573
22737.083757758464	0.00026652051759335643
22769.658376322586	0.0002659856051790976
22802.232994886712	0.00026544710698143574
22834.807613450837	0.00026497642935333635
22867.38223201496	0.000264688380613816
22899.956850579085	0.0002641240313744091
22932.531469143207	0.00026378143358483523
22965.106087707332	0.0002633450127641904
22997.680706271454	0.00026262950738507857
23030.25532483558	0.0002623276587597939
23062.8299433997	0.00026175761880744
23095.404561963827	0.0002612513053866594
23127.97918052795	0.00026089601054979204
23160.553799092075	0.0002604489282260737
23193.128417656197	0.00025999106878710524
23225.703036220322	0.00025954162296038067
23258.277654784444	0.00025906484071066974
23290.85227334857	0.0002587030965093912
23323.426891912695	0.00025813371443748125
23356.001510476817	0.00025775889680489865
23388.576129040943	0.0002572453282597087
23421.150747605065	0.00025700539098317106
23453.72536616919	0.00025648432719546426
23486.299984733312	0.0002560832755514127
23518.874603297438	0.0002556220698972979
23551.44922186156	0.00025518233733305457
23584.023840425685	0.00025477044059167147
23616.598458989807	0.00025432422493850445
23649.173077553933	0.0002539392164404014
23681.747696118055	0.00025348607931650186
23714.32231468218	0.00025316834926437774
23746.896933246306	0.00025277651474584433
23779.471551810428	0.0002523186356016403
23812.046170374553	0.0002519342264108504
23844.620788938675	0.00025150803361453645
23877.1954075028	0.0002511169339028847
23909.770026066923	0.00025078889643020085
23942.344644631048	0.00025016305220966804
23974.91926319517	0.00024998805972959717
24007.493881759296	0.0002495507108163253
24040.068500323418	0.0002490548403369388
24072.643118887543	0.00024865452505954235
24105.217737451665	0.0002483184638282688
24137.79235601579	0.00024797585416343117
24170.366974579916	0.00024766524606613204
24202.941593144038	0.0002472209701655789
24235.516211708164	0.0002468374545248055
24268.090830272286	0.00024638184123165817
24300.66544883641	0.00024597693534249033
24333.240067400533	0.00024578868586147415
24365.81468596466	0.0002452835777944134
24398.38930452878	0.00024490290310982414
24430.963923092906	0.00024467497070375946
24463.538541657028	0.00024423873820995234
24496.113160221154	0.0002438609212291859
24528.687778785275	0.00024344580488968524
24561.2623973494	0.00024320342169432247
24593.837015913527	0.00024280999745337063
24626.41163447765	0.0002424487691874522
24658.986253041774	0.00024208599097057525
24691.560871605896	0.00024174406894823545
24724.13549017002	0.0002414073100480618
24756.710108734143	0.00024106262315941651
24789.28472729827	0.00024070678691984435
24821.85934586239	0.00024027248691765426
24854.433964426516	0.0002400019489765448
24887.00858299064	0.0002396707661925678
24919.583201554764	0.00023932068930302978
24952.157820118886	0.00023899923049475546
24984.73243868301	0.0002387176397473921
25017.307057247133	0.00023833699071983778
25049.88167581126	0.00023811496411715486
25082.456294375384	0.00023760721711611998
25115.030912939506	0.0002373842405197195
25147.605531503632	0.0002370525766347395
25180.180150067754	0.00023664205634073691
25212.75476863188	0.0002363243692818439
25245.329387196	0.00023607006439509102
25277.904005760127	0.00023571791819070384
25310.47862432425	0.00023550669665518313
25343.053242888374	0.00023510597566719463
25375.627861452496	0.00023474202271955489
25408.202480016622	0.00023449285916861146
25440.777098580744	0.00023418928321730078
25473.35171714487	0.00023387627509569348
25505.926335708995	0.0002335346210400859
25538.500954273117	0.00023330542271918136
25571.075572837242	0.0002330178468279157
25603.650191401364	0.0002327173149603486
25636.22480996549	0.00023237303852237666
25668.79942852961	0.0002321055120108913
25701.374047093737	0.00023177827300289192
25733.94866565786	0.0002314763964436694
25766.523284221985	0.000231172005540368
25799.097902786107	0.00023092900892308303
25831.672521350232	0.00023071874460954488
25864.247139914354	0.0002303092150806138
25896.82175847848	0.00023003293974796073
25929.396377042605	0.0002298032271975633
25961.970995606727	0.00022950781299082386
25994.545614170853	0.00022922879123114576
26027.120232734975	0.0002289560831677666
26059.6948512991	0.00022872047955661064
26092.269469863222	0.00022833354471043333
26124.844088427348	0.0002281179671263867
26157.41870699147	0.0002278720748980263
26189.993325555595	0.00022758199601859668
26222.567944119717	0.00022728314565314764
26255.142562683843	0.00022702778290196446
26287.717181247965	0.00022682353271327024
26320.29179981209	0.00022653650591678015
26352.866418376216	0.0002262481563444767
26385.441036940338	0.00022594790025339245
26418.015655504463	0.00022576178883077804
26450.590274068585	0.00022547890738450012
26483.16489263271	0.00022523082411825986
26515.739511196833	0.0002250104376505889
26548.314129760958	0.00022470862521115718
26580.88874832508	0.00022449533500560465
26613.463366889206	0.00022428481300630794
26646.037985453328	0.00022398265708753544
26678.612604017453	0.00022377458815160174
26711.187222581575	0.0002235355036505017
26743.7618411457	0.00022325735623636637
26776.336459709826	0.0002230376150892457
26808.911078273948	0.00022276589506517805
26841.485696838074	0.00022255002216583865
26874.060315402196	0.00022229391288114352
26906.63493396632	0.0002220594638028828
26939.209552530443	0.00022182509224174502
26971.78417109457	0.0002216023686096612
27004.35878965869	0.00022133067589477938
27036.933408222816	0.00022115037958847302
27069.508026786938	0.00022092490583692538
27102.082645351064	0.00022066084633921872
27134.657263915185	0.00022042911850441007
27167.23188247931	0.00022022075020834377
27199.806501043433	0.00021997084387264136
27232.38111960756	0.00021982839900639204
27264.955738171684	0.00021958123795356302
27297.530356735806	0.00021936284480975567
27330.10497529993	0.000219128141741726
27362.679593864053	0.00021892685917178595
27395.25421242818	0.00021871442989251333
27427.8288309923	0.0002185186200534342
27460.403449556426	0.00021829747114225778
27492.97806812055	0.00021805399508481886
27525.552686684674	0.0002178367268342062
27558.127305248796	0.00021765338305465798
27590.70192381292	0.0002174292890231094
27623.276542377043	0.00021722459451546772
27655.85116094117	0.00021704805526571528
27688.425779505294	0.00021682315767209627
27721.000398069416	0.00021665080702707262
27753.575016633542	0.00021643988951335291
27786.149635197664	0.00021623735701524344
27818.72425376179	0.00021608818944828675
27851.29887232591	0.00021586205538923895
27883.873490890037	0.00021566924700172518
27916.44810945416	0.0002155086943450518
27949.022728018284	0.0002152919902193818
27981.597346582406	0.00021509283769369537
28014.171965146532	0.00021486993899816063
28046.746583710654	0.00021473370916882888
28079.32120227478	0.00021453746920151124
28111.895820838905	0.0002143402391031179
28144.470439403027	0.00021418088280937786
28177.045057967152	0.0002139924987132921
28209.619676531274	0.00021381262886673082
28242.1942950954	0.00021363323115327007
28274.76891365952	0.00021344615525036573
28307.343532223647	0.0002132983621005773
28339.91815078777	0.00021310092202939451
28372.492769351895	0.0002129627684718445
28405.067387916017	0.00021276407358748658
28437.642006480142	0.00021261050255060363
28470.216625044264	0.00021242699026308346
28502.79124360839	0.00021227081331299158
28535.365862172515	0.000212076662800414
28567.940480736637	0.00021193151062394918
28600.515099300763	0.00021176257690433485
28633.089717864885	0.0002115930378265045
28665.66433642901	0.0002114317748566897
28698.238954993132	0.00021129651685193284
28730.813573557258	0.00021113091815273894
28763.38819212138	0.00021096232855070428
28795.962810685505	0.00021080137497351856
28828.537429249627	0.0002106428645126067
28861.112047813753	0.00021050238428090972
28893.686666377875	0.00021034204592511855
28926.261284942	0.00021019443677431263
28958.835903506122	0.00021003298537585686
28991.410522070248	0.00020988885856425724
29023.985140634373	0.00020973902492664865
29056.559759198495	0.00020959773434068213
29089.13437776262	0.00020946725749590073
29121.708996326743	0.00020930716903726505
29154.28361489087	0.000209156821757482
29186.85823345499	0.0002090390227252317
29219.432852019116	0.00020888916136125972
29252.007470583238	0.00020874041818524838
29284.582089147363	0.00020860387077593112
29317.156707711485	0.00020846019625486622
29349.73132627561	0.0002083370912548594
29382.305944839733	0.00020820068746627926
29414.880563403858	0.00020805915989822364
29447.455181967984	0.0002079218808840643
29480.029800532106	0.00020779060456397127
29512.60441909623	0.00020768309084469186
29545.179037660353	0.00020755089445589637
29577.75365622448	0.00020742205959560815
29610.3282747886	0.00020729578360462653
29642.902893352726	0.00020717401000588305
29675.477511916848	0.00020705447007759282
29708.052130480974	0.0002069313162353496
29740.626749045095	0.00020681048998078048
29773.20136760922	0.000206687998644486
29805.775986173343	0.00020655984518762793
29838.35060473747	0.00020645299894354993
29870.925223301594	0.0002063267952769199
29903.499841865716	0.00020622167450529407
29936.07446042984	0.0002060820076618967
29968.649078993963	0.00020598743958242813
30001.22369755809	0.00020587608271247982
30033.79831612221	0.00020576570021528016
30066.372934686337	0.00020564349708482053
30098.94755325046	0.00020554589196731195
30131.522171814584	0.00020544327098924608
30164.096790378706	0.00020532589140718043
30196.67140894283	0.00020522044532137148
30229.246027506953	0.00020511721154534057
30261.82064607108	0.00020501889263702805
30294.395264635205	0.0002049175425448781
30326.969883199326	0.00020481796267913155
30359.544501763452	0.00020472239961433198
30392.119120327574	0.00020462479331345004
30424.6937388917	0.00020451477848738452
30457.26835745582	0.00020443208979944254
30489.842976019947	0.00020432719893661935
30522.41759458407	0.00020423495431192912
30554.992213148194	0.00020414264663973447
30587.566831712316	0.00020405015093041083
30620.141450276442	0.00020396742726008164
30652.716068840564	0.00020386647434081928
30685.29068740469	0.00020378141339682666
30717.86530596881	0.00020369324859316053
30750.439924532937	0.00020360918688837594
30783.014543097062	0.00020352447400226426
30815.589161661184	0.00020344344026248934
30848.16378022531	0.0002033581990004969
30880.73839878943	0.00020328159209311941
30913.313017353557	0.0002031973738407517
30945.88763591768	0.00020311984032381957
30978.462254481805	0.0002030486087781055
31011.036873045927	0.00020296888665289454
31043.611491610052	0.0002028855171632386
31076.186110174174	0.00020281262337103315
31108.7607287383	0.00020273493211686743
31141.33534730242	0.00020266543800721715
31173.909965866547	0.0002025962810508038
31206.484584430673	0.00020252801303354305
31239.059202994795	0.00020245361437700699
31271.63382155892	0.00020239059231010422
31304.208440123042	0.00020231892879111715
31336.783058687168	0.00020225558233030662
31369.35767725129	0.00020218931766656625
31401.932295815415	0.0002021191544400054
31434.506914379537	0.00020205783711751732
31467.081532943663	0.00020200519571741762
31499.656151507785	0.00020193684286276735
31532.23077007191	0.0002018783936507344
31564.805388636032	0.00020181845048356095
31597.380007200158	0.000201757662993665
31629.954625764283	0.00020170543317545083
31662.529244328405	0.0002016533140883747
31695.10386289253	0.00020159359513306386
31727.678481456653	0.00020153906863693339
31760.25310002078	0.00020149019406159725
31792.8277185849	0.00020143773683367513
31825.402337149026	0.00020138990300643087
31857.976955713148	0.00020134391127750253
31890.551574277273	0.00020129027263860906
31923.126192841395	0.0002012412163542005
31955.70081140552	0.00020119837879210186
31988.275429969643	0.00020115211072276447
32020.850048533768	0.00020110791882724274
32053.424667097894	0.00020106592702678655
32085.999285662016	0.00020102820098757312
32118.57390422614	0.00020098538089365414
32151.148522790263	0.00020094800061931116
32183.72314135439	0.00020090904878758794
32216.29775991851	0.00020087264521056686
32248.872378482636	0.00020083301267519413
32281.446997046758	0.0002008012207800171
32314.021615610884	0.00020076682710277275
32346.596234175006	0.0002007321733193361
32379.17085273913	0.00020069822923627143
32411.745471303253	0.0002006707787665365
32444.32008986738	0.00020064045938790557
32476.8947084315	0.00020061075555478968
32509.469326995626	0.00020058344474867411
32542.04394555975	0.0002005575838180049
32574.618564123874	0.00020052946391892171
32607.193182688	0.0002005048909488996
32639.76780125212	0.0002004839439991456
32672.342419816247	0.0002004606868908259
32704.91703838037	0.00020044000738160764
32737.491656944494	0.00020041999918291804
32770.066275508616	0.00020040051340460384
32802.64089407274	0.00020038179979695283
32835.21551263687	0.00020036326976372056
32867.790131200985	0.00020034796029649632
32900.36474976511	0.00020033174072938898
32932.93936832924	0.00020031763872129334
32965.51398689336	0.00020030426797077556
32998.08860545749	0.000200292197107994
33030.663224021606	0.00020028168679519872
33063.23784258573	0.0002002704242590693
33095.81246114986	0.00020026226885619248
33128.38707971398	0.00020025426960246895
33160.9616982781	0.0002002470958313064
33193.53631684223	0.0002002411417138999
33226.11093540635	0.00020023659627367167
33258.68555397048	0.00020023264696641496
33291.260172534596	0.00020023004625822473
33323.83479109872	0.00020022855770398097
